0 0.35647279549718575 0.5266666666666666 0.07129455909943715 0.04666666666666667
0 0.12288930581613508 0.82 0.15572232645403378 0.18
0 0.20356472795497185 0.89 0.08442776735459662 0.10666666666666667
0 0.3302063789868668 0.73 0.09380863039399624 0.09333333333333334
0 0.42870544090056284 0.7466666666666667 0.09568480300187618 0.08666666666666667
0 0.5666041275797373 0.7666666666666667 0.07879924953095685 0.06666666666666667
0 0.48686679174484054 0.8783333333333333 0.09193245778611632 0.10333333333333333
0 0.34615384615384615 0.8966666666666666 0.09943714821763602 0.11333333333333333
0 0.4024390243902439 0.9733333333333334 0.1294559099437148 0.05333333333333334
0 0.6350844277673546 0.95 0.1294559099437148 0.08666666666666667
0 0.4596622889305816 0.5716666666666667 0.0450281425891182 0.043333333333333335
0 0.42213883677298314 0.545 0.0375234521575985 0.023333333333333334
0 0.5281425891181989 0.5216666666666666 0.15572232645403378 0.13666666666666666
0 0.7729831144465291 0.7083333333333334 0.32645403377110693 0.23666666666666666
0 0.9343339587242027 0.9083333333333333 0.13133208255159476 0.18333333333333332
