0 0.7941834451901566 0.4816666666666667 0.06263982102908278 0.056666666666666664
0 0.6208053691275168 0.355 0.25279642058165547 0.07666666666666666
0 0.12416107382550336 0.63 0.23937360178970918 0.29333333333333333
0 0.05145413870246085 0.8933333333333333 0.1029082774049217 0.21333333333333335
0 0.5604026845637584 0.845 0.37360178970917224 0.27
0 0.7583892617449665 0.6916666666666667 0.08053691275167785 0.07666666666666666
0 0.5246085011185683 0.5383333333333333 0.1319910514541387 0.08333333333333333
0 0.3870246085011186 0.625 0.06263982102908278 0.043333333333333335
0 0.3378076062639821 0.4166666666666667 0.06263982102908278 0.04666666666666667
0 0.703579418344519 0.4483333333333333 0.11409395973154363 0.07
0 0.7203579418344519 0.525 0.049217002237136466 0.03666666666666667
0 0.8366890380313199 0.6133333333333333 0.058165548098434 0.06
0 0.7986577181208053 0.7783333333333333 0.06263982102908278 0.06333333333333334
0 0.383668903803132 0.32 0.17225950782997762 0.04666666666666667
