0 0.4225 0.7183333333333334 0.225 0.11
0 0.65625 0.8483333333333334 0.1325 0.12333333333333334
0 0.57625 0.64 0.1175 0.06666666666666667
0 0.545 0.57 0.095 0.05333333333333334
0 0.43125 0.61 0.0975 0.05333333333333334
0 0.41875 0.5083333333333333 0.0875 0.03666666666666667
0 0.6175 0.4816666666666667 0.165 0.043333333333333335
0 0.725 0.5183333333333333 0.1 0.043333333333333335
0 0.5275 0.435 0.09 0.03
0 0.07875 0.6583333333333333 0.1575 0.09
0 0.13125 0.5833333333333334 0.1025 0.04666666666666667
0 0.18 0.54 0.115 0.05333333333333334
0 0.245 0.47 0.07 0.02666666666666667
0 0.31125 0.43666666666666665 0.0725 0.02666666666666667
0 0.2675 0.39666666666666667 0.11 0.03333333333333333
0 0.3975 0.3516666666666667 0.105 0.03
0 0.35625 0.375 0.0675 0.023333333333333334
0 0.5125 0.3883333333333333 0.06 0.023333333333333334
