0 0.5619136960600375 0.185 0.23827392120075047 0.14333333333333334
0 0.22795497185741087 0.05333333333333334 0.18198874296435272 0.08
0 0.23452157598499063 0.18333333333333332 0.2401500938086304 0.14666666666666667
0 0.43151969981238275 0.35 0.17636022514071295 0.14
0 0.6529080675422139 0.475 0.2026266416510319 0.13666666666666666
0 0.8114446529080676 0.8166666666666667 0.3058161350844278 0.2866666666666667
0 0.349906191369606 0.655 0.38461538461538464 0.30333333333333334
0 0.7598499061913696 0.14 0.150093808630394 0.08666666666666667
0 0.9108818011257036 0.23166666666666666 0.17823639774859287 0.11666666666666667
0 0.6819887429643527 0.03166666666666667 0.1669793621013133 0.06333333333333334
