0 0.67 0.6133333333333333 0.26666666666666666 0.2
0 0.32666666666666666 0.8533333333333334 0.44 0.28
0 0.8033333333333333 0.9383333333333334 0.3333333333333333 0.12333333333333334
0 0.92 0.7466666666666667 0.16 0.14
0 0.3433333333333333 0.45666666666666667 0.3933333333333333 0.16666666666666666
0 0.6883333333333334 0.385 0.15666666666666668 0.07
0 0.8783333333333333 0.43833333333333335 0.14333333333333334 0.10333333333333333
0 0.9733333333333334 0.515 0.05333333333333334 0.06333333333333334
0 0.6283333333333333 0.185 0.15666666666666668 0.056666666666666664
0 0.48333333333333334 0.28 0.19333333333333333 0.06666666666666667
0 0.4033333333333333 0.22 0.08666666666666667 0.04
0 0.21833333333333332 0.23 0.19666666666666666 0.07333333333333333
0 0.695 0.12666666666666668 0.10333333333333333 0.04
0 0.5883333333333334 0.10833333333333334 0.13666666666666666 0.043333333333333335
0 0.3416666666666667 0.15833333333333333 0.25 0.07
0 0.7516666666666667 0.07 0.18333333333333332 0.07333333333333333
0 0.57 0.345 0.14 0.056666666666666664
0 0.69 0.2833333333333333 0.06666666666666667 0.04
0 0.043333333333333335 0.7116666666666667 0.08666666666666667 0.11
