0 0.5122222222222222 0.2916666666666667 0.08666666666666667 0.08333333333333333
0 0.5877777777777777 0.215 0.051111111111111114 0.056666666666666664
0 0.5777777777777777 0.4216666666666667 0.07555555555555556 0.10333333333333333
0 0.47333333333333333 0.5616666666666666 0.10222222222222223 0.056666666666666664
0 0.49666666666666665 0.5166666666666667 0.07333333333333333 0.03333333333333333
0 0.7377777777777778 0.6216666666666667 0.057777777777777775 0.11666666666666667
0 0.7755555555555556 0.7833333333333333 0.08888888888888889 0.15333333333333332
0 0.6988888888888889 0.42 0.04666666666666667 0.07333333333333333
0 0.6655555555555556 0.28833333333333333 0.06 0.08333333333333333
0 0.47444444444444445 0.38 0.042222222222222223 0.03333333333333333
0 0.46555555555555556 0.415 0.042222222222222223 0.023333333333333334
0 0.4911111111111111 0.3466666666666667 0.03111111111111111 0.02666666666666667
0 0.5255555555555556 0.16666666666666666 0.03777777777777778 0.02666666666666667
