0 0.3811111111111111 0.8233333333333334 0.14 0.1
0 0.4866666666666667 0.7566666666666667 0.08444444444444445 0.06
0 0.2588888888888889 0.6116666666666667 0.13555555555555557 0.08333333333333333
0 0.43555555555555553 0.5916666666666667 0.07111111111111111 0.05
0 0.5633333333333334 0.5983333333333334 0.08222222222222222 0.03666666666666667
0 0.6922222222222222 0.5916666666666667 0.051111111111111114 0.03666666666666667
0 0.5711111111111111 0.575 0.12 0.03
0 0.43 0.495 0.08666666666666667 0.05
0 0.19 0.48 0.03777777777777778 0.02666666666666667
0 0.30444444444444446 0.5016666666666667 0.06666666666666667 0.043333333333333335
0 0.3566666666666667 0.44333333333333336 0.03333333333333333 0.02666666666666667
0 0.8077777777777778 0.7683333333333333 0.19777777777777777 0.10333333333333333
