0 0.2681498829039813 0.61 0.20843091334894615 0.12
0 0.4964871194379391 0.7066666666666667 0.16393442622950818 0.12
0 0.3629976580796253 0.8733333333333333 0.1405152224824356 0.16
0 0.7365339578454333 0.9683333333333334 0.11475409836065574 0.06333333333333334
0 0.1791569086651054 0.5033333333333333 0.08196721311475409 0.06
0 0.08899297423887588 0.4766666666666667 0.08899297423887588 0.05333333333333334
0 0.36416861826697894 0.4483333333333333 0.13348946135831383 0.056666666666666664
0 0.2529274004683841 0.44666666666666666 0.07962529274004684 0.04
0 0.2388758782201405 0.4033333333333333 0.0468384074941452 0.03333333333333333
0 0.7576112412177985 0.505 0.09133489461358314 0.03666666666666667
0 0.9648711943793911 0.5316666666666666 0.0702576112412178 0.07666666666666666
