0 0.40294840294840295 0.5583333333333333 0.29484029484029484 0.11
0 0.300982800982801 0.455 0.14496314496314497 0.10333333333333333
0 0.13882063882063883 0.505 0.10073710073710074 0.043333333333333335
0 0.21007371007371006 0.6483333333333333 0.2628992628992629 0.17
0 0.4250614250614251 0.7866666666666666 0.4864864864864865 0.12
0 0.8022113022113022 0.7166666666666667 0.3955773955773956 0.24666666666666667
0 0.8464373464373465 0.945 0.10073710073710074 0.11
0 0.9287469287469288 0.495 0.11302211302211303 0.03666666666666667
0 0.8243243243243243 0.5683333333333334 0.17936117936117937 0.11666666666666667
0 0.7395577395577395 0.4866666666666667 0.22113022113022113 0.05333333333333334
