0 0.058161350844277676 0.45666666666666667 0.1125703564727955 0.07333333333333333
0 0.3677298311444653 0.44 0.0525328330206379 0.04666666666666667
0 0.575984990619137 0.24833333333333332 0.08630393996247655 0.06333333333333334
0 0.6688555347091932 0.31166666666666665 0.09193245778611632 0.03666666666666667
0 0.6275797373358349 0.37 0.054409005628517824 0.03333333333333333
0 0.5290806754221389 0.305 0.0525328330206379 0.03666666666666667
0 0.49624765478424016 0.5716666666666667 0.08818011257035648 0.07
0 0.4071294559099437 0.66 0.16135084427767354 0.11333333333333333
0 0.6238273921200751 0.5316666666666666 0.04690431519699812 0.03666666666666667
0 0.6791744840525328 0.6633333333333333 0.2026266416510319 0.09333333333333334
0 0.700750469043152 0.8516666666666667 0.17823639774859287 0.19
0 0.7504690431519699 0.5416666666666666 0.12382739212007504 0.10333333333333333
