0 0.415 0.4816666666666667 0.395 0.31
0 0.15375 0.8083333333333333 0.3075 0.21666666666666667
0 0.82875 0.5166666666666667 0.2525 0.12666666666666668
0 0.83125 0.635 0.2525 0.13666666666666666
0 0.795 0.8116666666666666 0.22 0.25666666666666665
0 0.695 0.38 0.265 0.12666666666666668
0 0.66625 0.27666666666666667 0.1575 0.06
0 0.38 0.16666666666666666 0.175 0.07333333333333333
0 0.57625 0.19666666666666666 0.1775 0.08
0 0.74 0.16 0.14 0.09333333333333334
0 0.65875 0.09666666666666666 0.1075 0.05333333333333334
0 0.55 0.07166666666666667 0.12 0.043333333333333335
0 0.44 0.09666666666666666 0.12 0.04666666666666667
0 0.26125 0.115 0.0875 0.03666666666666667
0 0.2925 0.065 0.065 0.023333333333333334
0 0.3125 0.025 0.06 0.023333333333333334
0 0.38125 0.041666666666666664 0.0625 0.03
