0 0.24776119402985075 0.43666666666666665 0.33432835820895523 0.12666666666666668
0 0.27761194029850744 0.5516666666666666 0.19701492537313434 0.10333333333333333
0 0.4925373134328358 0.635 0.18507462686567164 0.13
0 0.3119402985074627 0.8383333333333334 0.3253731343283582 0.16333333333333333
0 0.7059701492537314 0.45 0.08059701492537313 0.06
0 0.8746268656716418 0.285 0.16119402985074627 0.08333333333333333
0 0.3895522388059702 0.19 0.08656716417910448 0.03333333333333333
0 0.7208955223880597 0.07833333333333334 0.06865671641791045 0.03666666666666667
0 0.7835820895522388 0.17 0.07462686567164178 0.02666666666666667
0 0.808955223880597 0.19333333333333333 0.07761194029850746 0.02
