0 0.5644796380090498 0.81 0.2239819004524887 0.18666666666666668
0 0.5622171945701357 0.5016666666666667 0.1832579185520362 0.09666666666666666
0 0.6414027149321267 0.4033333333333333 0.14705882352941177 0.06666666666666667
0 0.6515837104072398 0.33166666666666667 0.10407239819004525 0.043333333333333335
0 0.5418552036199095 0.37333333333333335 0.12895927601809956 0.06
0 0.39705882352941174 0.4266666666666667 0.10180995475113122 0.04666666666666667
0 0.3947963800904977 0.38666666666666666 0.083710407239819 0.04
0 0.4683257918552036 0.3333333333333333 0.05429864253393665 0.02666666666666667
0 0.5882352941176471 0.3016666666666667 0.07692307692307693 0.03
0 0.5542986425339367 0.2783333333333333 0.08144796380090498 0.03
0 0.1074660633484163 0.7566666666666667 0.10180995475113122 0.09333333333333334
0 0.6074660633484162 0.24 0.05656108597285068 0.02666666666666667
0 0.35294117647058826 0.34833333333333333 0.08144796380090498 0.03666666666666667
