0 0.571917808219178 0.19166666666666668 0.07990867579908675 0.043333333333333335
0 0.5296803652968036 0.125 0.0684931506849315 0.043333333333333335
0 0.5901826484018264 0.44333333333333336 0.08904109589041095 0.09333333333333334
0 0.7294520547945206 0.39 0.11187214611872145 0.09333333333333334
0 0.8253424657534246 0.74 0.08904109589041095 0.1
0 0.478310502283105 0.6133333333333333 0.10273972602739725 0.08666666666666667
0 0.3276255707762557 0.3333333333333333 0.04337899543378995 0.04
0 0.2968036529680365 0.3016666666666667 0.0410958904109589 0.043333333333333335
0 0.24429223744292236 0.42833333333333334 0.0867579908675799 0.07666666666666666
0 0.23401826484018265 0.5683333333333334 0.09817351598173515 0.11666666666666667
